tasks:
  - id: 0
    execution_time_mu: 10029.136929488377
    execution_time_sigma: 42.090787144202821
    execution_time_min: 10001.085856
    execution_time_max: 10221.54336
    period: 10000
    deadline: 10000
    name: TSP
  - id: 1
    execution_time_mu: 8.6208563199999997
    execution_time_sigma: 0.67788292531512828
    execution_time_min: 7.7097600000000002
    execution_time_max: 10.442751999999999
    period: 20
    deadline: 20
    name: MPC
  - id: 2
    execution_time_mu: 1417.3482412799997
    execution_time_sigma: 1001.1945264913411
    execution_time_min: 200.50944000000004
    execution_time_max: 5341.4382719999994
    period: 2000
    deadline: 2000
    name: RRT
  - id: 3
    execution_time_mu: 2959.7707014399998
    execution_time_sigma: 3235.8319577037346
    execution_time_min: 525.69312000000002
    execution_time_max: 13620.009855999999
    period: 1000
    deadline: 1000
    name: SLAM
chain0:
  nodes:
    - 0
    - 1
    - 2
  sp_threshold: 0.5
  sp_Weight: 0
  deadline: 0