tasks:
  - id: 0
    execution_time_mu: 10001.0484352
    execution_time_sigma: 0.055265712843647029
    execution_time_min: 10000.920192000001
    execution_time_max: 10001.186975999999
    period: 10000
    deadline: 10000
    name: TSP
  - id: 1
    execution_time_mu: 6.8282636800000009
    execution_time_sigma: 0.055250026281215801
    execution_time_min: 6.7216959999999997
    execution_time_max: 6.9758719999999999
    period: 20
    deadline: 20
    name: MPC
  - id: 2
    execution_time_mu: 1474.3196563199995
    execution_time_sigma: 1115.8331726336105
    execution_time_min: 241.51068799999996
    execution_time_max: 6909.2470720000001
    period: 2000
    deadline: 2000
    name: RRT
  - id: 3
    execution_time_mu: 6065.4416358399985
    execution_time_sigma: 5224.4758860110724
    execution_time_min: 1024.319072
    execution_time_max: 18105.523647999999
    period: 1000
    deadline: 1000
    name: SLAM